0,A1,H1,F3,J7,L1,L4,L7,L10,L11,L13,N3,R1,Y12,Y33,Y35,Z6,Z8,Z9,Z14,Z19,Z20,Z21,Z22,Z25,Z27,Z29,Z30,Z32,Z35,Z36,Z37,Z38,Z40,Z41,Z42,Z43,Z45,Z47,B2,B6,C2,D2,Q2,S6,Y34,Z1,Z31,A5,D3,D5,E1,F1,F6,F7,J4,J8,K1,L12,L18,L21,L23,L24,M2,Q3,Q4,Y2,Y8,Y9,Y14,Y15,Y16,Y20,Y31,Z3,Z11,Z12,Z13,Z49,F4,J1,L3,L8,M3,S4,Y6,Y17,Y18,Y22,Y23,D1,J9,K3,L2,N2,Q8,Y3,Y4,Y10,Y11,Y13,Y19,Y21,Y24,Y25,Y26,Y28,Y29,Y32,Y39,Z2,Z10,Z28,A6,A7,G2,S5,B7,F2,G1,C3,X1,Z4,A2,F5,K2,S1,Z16,Z18,Z23,Z34,Z48,Z50,D4,J6,L6,B5,L22,P1,S2,T1,W2,Y5
A1,1,0.170666667,0.085714286,0.194901316,0.340892465,0.465622873,0.493190661,0.580236486,0.58411215,0.486981678,0.331994645,0.347313237,0.477623457,0.389579633,0.074902724,0.383651945,0.237174721,0.375166003,0.257992565,0.426545661,0.618444846,0.077896787,0.535901926,0.562651576,0.388681592,0.365671642,0.365671642,0.807920792,0.409192825,0.398939305,0.372635561,0.387620192,0.413176996,0.386008745,0.409836066,0.418244406,0.378705384,0.536379019,0.320577617,0.295927602,0.469740634,0.320577617,0.294520548,0.31670282,0.147085202,0.380670611,0.352742616,0.256331543,0.257852447,0.411714771,0.308668076,0.27301092,0.209958506,0.327501749,0.215669756,0.227917981,0.051546392,0.160667252,0.117768595,0.324,0.285714286,0.281960227,0.368591823,0.407917384,0.388654194,0.219770521,0.08110687,0.126811594,0.252373418,0.251528384,0.109004739,0.44109112,0.241042345,0.177958446,0.279792746,0.233486943,0.077894737,0.278861789,0.355417957,0.286970424,0.424347826,0.423995341,0.348133848,0.184931507,0.243739566,0.423323615,0.229885057,0.268707483,0.133023256,0.459412781,0.204399633,0.23880597,0.450149254,0.353982301,0.474634566,0.319732441,0.069364162,0.144851658,0.138913624,0.27734375,0.098788444,0.355421687,0.217573222,0.144194757,0.109972041,0.131386861,0.233226837,0.14556962,0.215097403,0.172351885,0.143979058,0.121771218,0.063424947,0.126173097,0.559124088,0.286554004,0.306223479,0.264367816,0.089852008,0.341597796,0.131956912,0.290714286,0.320577617,0.09344894,0.085188771,0.066866267,0.166222222,0.333794057,0.470111449,0.462471132,0.455197133,0.454927885,0.085951941,0.144256456,0.347321429,0.359432799,0.063352827,0.134862385,0.366561514,0.00845666,0.175,0.107376284
H1,0.170666667,1,0.126732673,0.133676093,0.15041021,0.172720534,0.130128957,0.148409894,0.141116751,0.126450116,0.185463659,0.186102236,0.171752398,0.180066445,0.076612903,0.169089518,0.174006445,0.16913484,0.186243386,0.17961165,0.153263955,0.067729084,0.148543689,0.150337838,0.173728814,0.169505272,0.169505272,0.162037037,0.170481928,0.172301691,0.157060519,0.176709546,0.177177177,0.171286425,0.170063694,0.17345679,0.169062286,0.160298229,0.155188246,0.118181818,0.165873016,0.155188246,0.129651861,0.152073733,0.092592593,0.174347158,0.14159292,0.161220044,0.185375901,0.138686131,0.163800905,0.181514477,0.135723431,0.171378092,0.165775401,0.164108619,0.041763341,0.124251497,0.055785124,0.162695152,0.175688509,0.181992337,0.164269493,0.137820513,0.164983165,0.153627312,0.080769231,0.096091205,0.180863477,0.135704875,0.093065693,0.178065311,0.188279302,0.103915663,0.153386454,0.157718121,0.048611111,0.13220339,0.179300292,0.158305463,0.172885572,0.172715895,0.179566563,0.143459916,0.166243655,0.170945523,0.131868132,0.12591687,0.139084507,0.145342886,0.118975904,0.092352092,0.181182454,0.152845528,0.147442327,0.158677686,0.104508197,0.124430956,0.156862745,0.129511677,0.101449275,0.157643312,0.133333333,0.101522843,0.09540636,0.098522167,0.135355893,0.104761905,0.126520681,0.105263158,0.141975309,0.12369338,0.035714286,0.067085954,0.161841128,0.183550652,0.240038873,0.282632147,0.031390135,0.160067397,0.116504854,0.16713881,0.169144981,0.1015625,0.045627376,0.046218487,0.094534712,0.188976378,0.182048682,0.174147217,0.169278997,0.170145478,0.120593692,0.168576105,0.136969697,0.211267606,0.054766734,0.099009901,0.179733728,0.013227513,0.100443131,0.096256684
F3,0.085714286,0.126732673,1,0.119047619,0.09264854,0.091686092,0.075136612,0.083976834,0.071266968,0.074424899,0.099115044,0.097315436,0.092696629,0.094455852,0.101851852,0.092158448,0.118437118,0.090684254,0.110588235,0.098880597,0.089958159,0.052785924,0.093478261,0.080218778,0.092715232,0.093344857,0.093344857,0.074775673,0.09417596,0.094212651,0.087519026,0.090845563,0.09252451,0.08962963,0.093544137,0.09252218,0.087357955,0.082066869,0.086432161,0.072100313,0.086627418,0.086432161,0.074542897,0.089340102,0.070564516,0.100977199,0.071428571,0.133928571,0.075055188,0.106408706,0.116817724,0.09001233,0.085626911,0.11770428,0.079192547,0.084450402,0.042145594,0.074906367,0.047021944,0.089788732,0.078252033,0.074186992,0.090544872,0.104477612,0.090589888,0.081911263,0.063535912,0.073593074,0.088657106,0.077044025,0.05764411,0.095328283,0.088359046,0.0651341,0.091212458,0.087452471,0.033707865,0.082677165,0.102524866,0.087011349,0.095512821,0.094132818,0.098694943,0.077966102,0.086383602,0.093669251,0.069900143,0.084548105,0.068181818,0.069239501,0.084291188,0.082089552,0.095827901,0.090509666,0.069690265,0.095706619,0.093655589,0.093023256,0.081466395,0.084352078,0.088383838,0.086808511,0.087692308,0.092165899,0.064903846,0.069565217,0.081521739,0.070103093,0.082369942,0.064885496,0.117063492,0.070938215,0.023809524,0.044025157,0.089481947,0.133333333,0.089197225,0.08583691,0.029090909,0.100917431,0.089171975,0.103125,0.163616792,0.353146853,0.036111111,0.028846154,0.088803089,0.122507123,0.093956323,0.091743119,0.097529259,0.097769029,0.092071611,0.093686354,0.098124098,0.098793363,0.045731707,0.047109208,0.105222136,0.004878049,0.057728119,0.068292683
J7,0.194901316,0.133676093,0.119047619,1,0.208297321,0.209859155,0.144640999,0.18677686,0.166666667,0.140061792,0.208236208,0.210604929,0.191626409,0.241558442,0.06518283,0.212827988,0.202544031,0.211851852,0.206333973,0.241791045,0.193832599,0.083870968,0.182959641,0.192675159,0.218157182,0.208269525,0.208269525,0.191945159,0.23897497,0.234245703,0.227625088,0.223237598,0.236578171,0.218579235,0.236990596,0.236794171,0.220383852,0.179333903,0.176371308,0.139428571,0.195976155,0.176371308,0.138477801,0.198961938,0.134408602,0.216216216,0.154150198,0.193644489,0.177493138,0.176245211,0.243006993,0.186323092,0.146860987,0.214285714,0.149372862,0.172413793,0.040925267,0.129936306,0.071192053,0.202325581,0.197907585,0.187175043,0.212165098,0.170565302,0.220405494,0.134131737,0.080495356,0.103683492,0.178644764,0.151095732,0.080882353,0.226347305,0.163461538,0.111253197,0.177434031,0.155972359,0.040636042,0.16122449,0.203017833,0.170318725,0.226197696,0.226357535,0.211678832,0.143373494,0.151746725,0.226161369,0.145474138,0.146420824,0.115384615,0.162037037,0.11125158,0.137579618,0.228589033,0.203718048,0.16575592,0.191324555,0.07827476,0.120051086,0.097529259,0.161665053,0.087719298,0.210967251,0.140939597,0.103786816,0.090909091,0.098226467,0.143298969,0.110814419,0.150595883,0.11238825,0.134715026,0.106232295,0.030685921,0.048780488,0.202120141,0.218518519,0.197625106,0.168430335,0.04745167,0.19889065,0.140883978,0.196163906,0.226033421,0.098901099,0.057010786,0.054908486,0.147905759,0.234516928,0.244702321,0.238488784,0.230627306,0.232009926,0.140215716,0.10821382,0.152360515,0.218169305,0.064935065,0.110803324,0.247118156,0.009727626,0.12372449,0.106038292
L1,0.340892465,0.15041021,0.09264854,0.208297321,1,0.364109233,0.264957265,0.340221402,0.299524564,0.264455782,0.316326531,0.332223702,0.335247667,0.369994023,0.084710744,0.337696335,0.264937107,0.328938695,0.288976378,0.387478849,0.312405446,0.084536082,0.31501548,0.344309234,0.356164384,0.320296696,0.320296696,0.327586207,0.382237212,0.364117647,0.332914573,0.357013847,0.387892377,0.344099379,0.378441711,0.378779236,0.351154313,0.327053504,0.288307916,0.200523104,0.340310601,0.288307916,0.228499157,0.301400147,0.147141518,0.359707447,0.247381144,0.251582278,0.261922786,0.257232213,0.326951399,0.243690852,0.192013594,0.281837161,0.196551724,0.214227971,0.043243243,0.142470694,0.076519916,0.299461642,0.285923754,0.285819251,0.334632878,0.256756757,0.367011564,0.182709447,0.085599194,0.124881741,0.234248788,0.193073593,0.111665005,0.383475783,0.212046205,0.166199813,0.274942879,0.23782921,0.059016393,0.232142857,0.354920635,0.248995984,0.386836028,0.383902721,0.347424042,0.169894366,0.196830692,0.383188406,0.21875,0.203517588,0.120423892,0.298649722,0.181050657,0.172191529,0.377030162,0.327385038,0.305031447,0.304761905,0.080942623,0.147945205,0.128110599,0.239215686,0.108481262,0.332882273,0.200686106,0.12319538,0.110459433,0.124288425,0.220491803,0.130597015,0.194697597,0.170252572,0.145985401,0.11849711,0.043907794,0.089266738,0.369078947,0.24981577,0.296671491,0.271439224,0.085650723,0.307320442,0.143127962,0.26681128,0.451718494,0.092012133,0.087755102,0.05186722,0.162812211,0.318565401,0.429934706,0.397631134,0.379490151,0.375581395,0.117764471,0.128440367,0.23220339,0.34375,0.063655031,0.124643197,0.451856946,0.008978676,0.168674699,0.127617149
L4,0.465622873,0.172720534,0.091686092,0.209859155,0.364109233,1,0.335311573,0.453061224,0.398002853,0.335550628,0.38089406,0.396510229,0.776691117,0.46741573,0.078740157,0.456561922,0.282579787,0.449131514,0.291749175,0.537610619,0.383838384,0.080314961,0.46198407,0.442257218,0.486020226,0.437223975,0.437223975,0.414749662,0.522739726,0.497729852,0.475528701,0.493039443,0.531215772,0.481216458,0.506764374,0.515503876,0.487719298,0.427297668,0.358857884,0.236880466,0.416717886,0.358857884,0.251408451,0.424863388,0.149664929,0.48929471,0.293628809,0.260437376,0.29869281,0.376159886,0.342188488,0.296650718,0.239568345,0.359748428,0.213930348,0.270571827,0.04812398,0.161786237,0.092457421,0.378444581,0.311827957,0.318471338,0.41900777,0.362724014,0.461275626,0.210139603,0.0921875,0.145785877,0.269230769,0.248529412,0.107253086,0.506578947,0.255438596,0.174401198,0.322281167,0.265899865,0.048820179,0.285314685,0.422608696,0.305710306,0.499724518,0.493936053,0.388235294,0.187185025,0.281021898,0.492553778,0.246817539,0.246983676,0.136398467,0.337209302,0.190799397,0.240654206,0.517746479,0.373552712,0.347855684,0.372164316,0.078431373,0.165558019,0.154824233,0.283783784,0.114197531,0.3904068,0.228571429,0.149149923,0.114854518,0.139288418,0.272151899,0.15015015,0.232167832,0.174140508,0.157972079,0.135736196,0.045230263,0.087308003,0.507219083,0.323703217,0.340952381,0.326998689,0.067545305,0.445460483,0.145645646,0.337637185,0.366840731,0.085271318,0.093922652,0.057890563,0.178624813,0.391883323,0.580339321,0.5432984,0.494742667,0.493882091,0.099236641,0.164537941,0.30058651,0.428571429,0.06855792,0.141337386,0.455688623,0.006606111,0.171979244,0.111877395
L7,0.493190661,0.130128957,0.075136612,0.144640999,0.264957265,0.335311573,1,0.608050847,0.745123537,0.933333333,0.232680723,0.242159008,0.392156863,0.255667506,0.063649222,0.251612903,0.185352622,0.247639797,0.195535714,0.281564908,0.4906639,0.092753623,0.72962963,0.565906838,0.260053619,0.245311328,0.245311328,0.49695122,0.263004091,0.252944823,0.238289206,0.24744898,0.268491555,0.240691489,0.263837638,0.263565891,0.239382239,0.588490771,0.223880597,0.21920904,0.313862928,0.223880597,0.207291667,0.214226634,0.127892814,0.255930985,0.237623762,0.189990732,0.196678322,0.31,0.217813765,0.202067669,0.175531915,0.226370135,0.17965368,0.164410058,0.052050473,0.148104265,0.119815668,0.221391174,0.209302326,0.2039801,0.247159091,0.313203685,0.269055375,0.217751479,0.078838174,0.11375,0.198830409,0.189427313,0.104054054,0.280817799,0.19004065,0.156934307,0.21340388,0.18319169,0.058359621,0.22244489,0.245590231,0.199427481,0.280584297,0.280293758,0.229357798,0.154535274,0.181912682,0.277845777,0.184074457,0.193920335,0.119016818,0.405888538,0.174816626,0.171875,0.275968039,0.254601227,0.432176656,0.21257485,0.067700987,0.129564193,0.121065375,0.204887218,0.111709287,0.255255255,0.174840085,0.132985658,0.096858639,0.117128463,0.180376611,0.121472393,0.168539326,0.156553398,0.128386337,0.097964377,0.075782537,0.09653092,0.425259792,0.19897084,0.218597064,0.196428571,0.147208122,0.232612056,0.126550868,0.216736402,0.261538462,0.083102493,0.078651685,0.06231454,0.136255924,0.235893417,0.289979757,0.293001186,0.325063613,0.325641026,0.07310705,0.12969697,0.284444444,0.246298789,0.066473988,0.12899106,0.25467128,0.010084034,0.164449819,0.104774536
L10,0.580236486,0.148409894,0.083976834,0.18677686,0.340221402,0.453061224,0.608050847,1,0.794652406,0.631016043,0.315333333,0.327473958,0.481654957,0.371394938,0.078295342,0.366141732,0.250569476,0.359364659,0.258452292,0.425799087,0.492424242,0.084577114,0.681510165,0.594009983,0.375543141,0.351387949,0.351387949,0.527871622,0.402808989,0.393026005,0.361916772,0.37245509,0.413948256,0.362623762,0.39906378,0.405266171,0.359375,0.587819947,0.29706514,0.236888112,0.400969529,0.29706514,0.251046025,0.311046512,0.145190563,0.377645503,0.282134196,0.247113164,0.248169839,0.371666667,0.295774648,0.247104247,0.215008432,0.316526611,0.203375527,0.214511041,0.04916318,0.177797834,0.094552929,0.307436919,0.268223638,0.268085106,0.371803279,0.369712352,0.38592233,0.22311828,0.087719298,0.138218924,0.234042553,0.233449477,0.123781676,0.422965955,0.217285945,0.171064604,0.270972532,0.243348983,0.05334728,0.264012998,0.360902256,0.271348763,0.416957027,0.416569428,0.332051282,0.162414966,0.223421927,0.414235706,0.221947195,0.231218698,0.128759398,0.411814346,0.187728938,0.209409594,0.413833529,0.336949153,0.429292929,0.317171717,0.07367387,0.148049645,0.134892086,0.267032106,0.11623439,0.343143813,0.217612193,0.155321189,0.119161106,0.140858209,0.236437247,0.154201293,0.228215768,0.173952641,0.143109541,0.115348837,0.049893843,0.085801839,0.527757751,0.274063189,0.290550071,0.273192111,0.090322581,0.339112344,0.145488029,0.28962536,0.318777293,0.088607595,0.087684729,0.060483871,0.153161175,0.331245651,0.450477627,0.445977011,0.444179104,0.442111578,0.093484419,0.149592022,0.30762489,0.349784084,0.06231454,0.13594041,0.360987967,0.007526882,0.17876588,0.115458015
L11,0.58411215,0.141116751,0.071266968,0.166666667,0.299524564,0.398002853,0.745123537,0.794652406,1,0.779683377,0.277185501,0.288381743,0.449494949,0.319852941,0.070422535,0.313576844,0.215702479,0.306889353,0.230706076,0.348432056,0.493919551,0.079102715,0.698585419,0.612604263,0.317829457,0.303724928,0.303724928,0.562679426,0.33621186,0.325030377,0.299279633,0.311028501,0.338294219,0.303732304,0.331930247,0.335090803,0.301310044,0.621378621,0.263320463,0.235294118,0.373234201,0.263320463,0.240827846,0.265940902,0.141955836,0.316080055,0.273712737,0.220625528,0.225160256,0.359851989,0.254901961,0.22572402,0.200189753,0.273542601,0.196172249,0.193350831,0.056194125,0.169948187,0.11125,0.262676056,0.241167435,0.238095238,0.312328767,0.361320755,0.331648768,0.221993834,0.087962963,0.130107527,0.218229623,0.222879684,0.121699196,0.359857482,0.206708976,0.173178458,0.240710824,0.208725406,0.062659847,0.253405995,0.294422827,0.238636364,0.350835322,0.350929814,0.279085407,0.158560311,0.207635009,0.348530294,0.217350746,0.224316682,0.122672508,0.412264151,0.186243386,0.194736842,0.346177002,0.291157441,0.430451128,0.260623229,0.07251462,0.134888438,0.128898129,0.248484848,0.117913832,0.296532201,0.204198473,0.1484375,0.118834081,0.139281828,0.219314079,0.147435897,0.201843318,0.174050633,0.132725431,0.108342362,0.061357702,0.097772277,0.480945122,0.243415802,0.255884586,0.230950511,0.111405836,0.292341679,0.139807898,0.255054432,0.287175452,0.085253456,0.08032596,0.060532688,0.146516393,0.286666667,0.370257967,0.373239437,0.389714994,0.389027431,0.080308031,0.144654088,0.308151093,0.296391753,0.061465721,0.132321041,0.302310231,0.00794702,0.16373057,0.110738255
L13,0.486981678,0.126450116,0.074424899,0.140061792,0.264455782,0.335550628,0.933333333,0.631016043,0.779683377,1,0.236090226,0.244541485,0.394666667,0.264055591,0.061538462,0.253934192,0.186318632,0.25,0.198575245,0.288770053,0.485596708,0.093390805,0.696385542,0.568181818,0.260521042,0.247754491,0.247754491,0.481481481,0.267836257,0.259627329,0.245578231,0.253512133,0.272568433,0.247003995,0.269704433,0.269253731,0.245489691,0.590909091,0.220576132,0.217488789,0.314197052,0.220576132,0.204545455,0.214991763,0.130909091,0.256446991,0.235988201,0.192059095,0.194444444,0.315684316,0.217566479,0.197392924,0.174234424,0.226086957,0.1783029,0.1621881,0.051482059,0.146886016,0.118541033,0.218424963,0.209090909,0.20478943,0.251242016,0.317671093,0.276109661,0.211695906,0.076607387,0.110012361,0.194015444,0.189277899,0.101604278,0.284254808,0.188698285,0.155609168,0.212094654,0.183098592,0.056074766,0.225774226,0.248644986,0.190207156,0.281724347,0.281440781,0.234297812,0.15461624,0.175745118,0.278998779,0.186405767,0.197492163,0.119383825,0.397089397,0.170495768,0.169047619,0.279484029,0.257077276,0.417184265,0.21964018,0.065550907,0.128504673,0.118705036,0.203548086,0.113636364,0.254857997,0.176033934,0.133247089,0.097402597,0.1175,0.181459566,0.12180268,0.168527919,0.156626506,0.123399302,0.095717884,0.074918567,0.093889717,0.42971246,0.204974271,0.218344156,0.198305085,0.141666667,0.234206471,0.128236745,0.22361809,0.257845632,0.082304527,0.080892608,0.061674009,0.135135135,0.232684825,0.294177215,0.294849023,0.330362826,0.330981398,0.071059432,0.131325301,0.287929125,0.245144005,0.062767475,0.129277567,0.251719395,0.009966777,0.161676647,0.100917431
N3,0.331994645,0.185463659,0.099115044,0.208236208,0.316326531,0.38089406,0.232680723,0.315333333,0.277185501,0.236090226,1,0.940647482,0.341982701,0.74554526,0.101277372,0.374765771,0.284363636,0.366666667,0.288793103,0.436333699,0.302133517,0.070859167,0.289784573,0.329196604,0.400719856,0.353166987,0.353166987,0.312457454,0.451720311,0.43287037,0.384568651,0.419070041,0.451488423,0.393157263,0.429384966,0.442016807,0.40887574,0.308321965,0.295973154,0.193774319,0.36259542,0.295973154,0.225512528,0.321649485,0.162457912,0.377972466,0.246345029,0.282448378,0.316967509,0.274368231,0.334468665,0.282544379,0.254019293,0.385308385,0.259168704,0.264481707,0.046641791,0.195633921,0.062836625,0.353208036,0.328005559,0.322468793,0.415492958,0.266763848,0.424422051,0.200647249,0.102678571,0.149444919,0.265015015,0.218253968,0.132680321,0.455518018,0.263403263,0.17264387,0.305060584,0.252199413,0.039704524,0.244427935,0.40379902,0.294028723,0.44739819,0.448805461,0.391386954,0.213061224,0.252557042,0.448177677,0.240310078,0.243369735,0.172291297,0.274537696,0.163516845,0.164495114,0.47752481,0.379287599,0.28319209,0.370541612,0.089928058,0.196277496,0.198784722,0.275330396,0.121716287,0.381168831,0.212616822,0.134532991,0.130244755,0.148972603,0.249810175,0.15820643,0.243390358,0.176274018,0.186397985,0.151091703,0.031657356,0.068716094,0.382334775,0.317923186,0.345994475,0.33285612,0.041360294,0.38047138,0.149241147,0.338709677,0.328974535,0.100533808,0.088078292,0.061650045,0.156173344,0.350166113,0.506519559,0.444627193,0.447803765,0.445017182,0.130088496,0.181431005,0.227896341,0.423195558,0.065178571,0.128053917,0.4,0.008595989,0.156606852,0.134801762
R1,0.347313237,0.186102236,0.097315436,0.210604929,0.332223702,0.396510229,0.242159008,0.327473958,0.288381743,0.244541485,0.940647482,1,0.353476283,0.759972008,0.099309154,0.394218942,0.289232935,0.386377709,0.298882682,0.45736013,0.313212609,0.074136479,0.303934871,0.346794872,0.422393365,0.373425693,0.373425693,0.325797872,0.472008782,0.451741862,0.40083632,0.440954043,0.473253275,0.412426036,0.448004497,0.466666667,0.430157802,0.322666667,0.314680711,0.202103681,0.383458647,0.314680711,0.233480176,0.33310992,0.165056361,0.3974122,0.256028369,0.284697509,0.319832402,0.283111423,0.346409574,0.29403307,0.259488768,0.394328157,0.25859375,0.264662757,0.047619048,0.198712792,0.072041166,0.365019011,0.333108564,0.330411328,0.431175361,0.275813296,0.448093842,0.206225681,0.103477523,0.152653061,0.275309541,0.226819923,0.134860051,0.482662192,0.27027027,0.188054883,0.312802768,0.259943182,0.04745167,0.255227109,0.4173181,0.306392359,0.471412556,0.472942503,0.408214063,0.217254902,0.256060606,0.47234763,0.245142003,0.253776435,0.167649537,0.285813149,0.178060413,0.173333333,0.493387004,0.396116505,0.294158076,0.387556708,0.088586031,0.18875502,0.196856907,0.277817151,0.125313283,0.398596939,0.22490566,0.139344262,0.134390651,0.154098361,0.257898604,0.163828062,0.250939144,0.190630048,0.179425837,0.148547718,0.039858282,0.077720207,0.396363636,0.331714087,0.358732299,0.335180055,0.047161572,0.392105263,0.146869984,0.339891452,0.349324324,0.098650927,0.087763713,0.058169376,0.159874608,0.364996747,0.537305959,0.470332063,0.470355731,0.467687075,0.128571429,0.181300813,0.236725664,0.443430657,0.064243449,0.131239936,0.417982989,0.008086253,0.163009404,0.13400335
Y12,0.477623457,0.171752398,0.092696629,0.191626409,0.335247667,0.776691117,0.392156863,0.481654957,0.449494949,0.394666667,0.341982701,0.353476283,1,0.396470588,0.077069458,0.414504325,0.252592593,0.410894418,0.256578947,0.455065827,0.395545315,0.072847682,0.536669543,0.448632668,0.430379747,0.404958678,0.404958678,0.412347561,0.44047619,0.428316478,0.430240104,0.425259304,0.447651387,0.418825016,0.436578171,0.439516129,0.420825632,0.455766193,0.306122449,0.235393734,0.37891928,0.306122449,0.249188312,0.415007657,0.143607706,0.46386786,0.280439906,0.239940387,0.280380673,0.389802632,0.300207039,0.274193548,0.233388704,0.327812284,0.201962388,0.253164557,0.056508577,0.157939914,0.103482587,0.324342105,0.285714286,0.294699647,0.37628866,0.37893864,0.395683453,0.218858131,0.086142322,0.135835567,0.244204019,0.253218884,0.109360519,0.431831147,0.243785084,0.16856892,0.295940959,0.244664634,0.055220884,0.26984127,0.362853629,0.291009464,0.426766226,0.424783862,0.332914573,0.173876872,0.29106383,0.423298731,0.239837398,0.238988581,0.136986301,0.325868726,0.192,0.271106942,0.438781488,0.334215751,0.336914812,0.329787234,0.078747628,0.162326389,0.157801418,0.269671505,0.107438017,0.347340775,0.227837614,0.158627087,0.108280255,0.130240856,0.248807631,0.143109541,0.223113965,0.171353251,0.150472915,0.136197441,0.053007136,0.098214286,0.482522276,0.280979827,0.311406578,0.300582242,0.089598352,0.429088278,0.143872114,0.29519774,0.345902828,0.088014981,0.096466094,0.06614786,0.171478565,0.359972203,0.46890672,0.477207155,0.431976744,0.429906542,0.093721565,0.157987643,0.312820513,0.376078915,0.061728395,0.132616487,0.37319975,0.008221994,0.171902269,0.114889706
Y33,0.389579633,0.180066445,0.094455852,0.241558442,0.369994023,0.46741573,0.255667506,0.371394938,0.319852941,0.264055591,0.74554526,0.759972008,0.396470588,1,0.093706294,0.450935905,0.308877928,0.436683702,0.321253071,0.566087414,0.347513481,0.08,0.329927885,0.393127548,0.483195592,0.419058553,0.419058553,0.356888361,0.568865435,0.538002172,0.475097929,0.522552255,0.581173982,0.482834994,0.536441586,0.559042553,0.504395604,0.358208955,0.34351145,0.205994898,0.424743444,0.34351145,0.241183879,0.380981224,0.166442953,0.463121784,0.271270037,0.302672467,0.33803681,0.313931889,0.385167464,0.311794228,0.251305483,0.417569194,0.269692924,0.288178914,0.04670913,0.200134771,0.068654646,0.417391304,0.364620939,0.363034317,0.482678984,0.301242236,0.518151815,0.212779974,0.107863605,0.155359566,0.288328076,0.230969421,0.126556017,0.574946467,0.282664942,0.184811828,0.350617284,0.273119605,0.03997195,0.282018927,0.485137409,0.306186869,0.565217391,0.565498652,0.46277205,0.220529801,0.262305699,0.564185545,0.256097561,0.261966365,0.157349896,0.3047966,0.185953177,0.172572178,0.576419214,0.438307873,0.314389359,0.438202247,0.083563536,0.189388852,0.179904956,0.29981378,0.1375,0.445867288,0.250980392,0.154532967,0.138716356,0.159726962,0.282330346,0.169376694,0.261121857,0.186155914,0.183946488,0.144125683,0.03096411,0.068008328,0.457046603,0.362515413,0.401823708,0.360515021,0.043417367,0.425947867,0.148197597,0.390184049,0.379975875,0.091033539,0.086657497,0.06037474,0.182242991,0.401995305,0.663861386,0.570603675,0.555615261,0.551724138,0.120713306,0.189631651,0.253503185,0.492436975,0.070441989,0.135207497,0.470588235,0.007127584,0.169301713,0.127484578
Y35,0.074902724,0.076612903,0.101851852,0.06518283,0.084710744,0.078740157,0.063649222,0.078295342,0.070422535,0.061538462,0.101277372,0.099309154,0.077069458,0.093706294,1,0.088502895,0.079656863,0.087837838,0.077014218,0.0825,0.075854701,0.04516129,0.070562293,0.068773234,0.086956522,0.078001753,0.078001753,0.068647541,0.08119925,0.077913279,0.071483474,0.082269504,0.083694978,0.070044709,0.081170991,0.08757244,0.070866142,0.072689512,0.067346939,0.055284553,0.067969414,0.067346939,0.053468208,0.084639498,0.099778271,0.088429752,0.053984576,0.074213836,0.091860465,0.090458488,0.075075075,0.077411168,0.112026359,0.102970297,0.096345515,0.134897361,0.034934498,0.084507042,0.041811847,0.085740072,0.090329437,0.089552239,0.097682119,0.090792839,0.079658606,0.107208872,0.104100946,0.095011876,0.076716016,0.096121417,0.11849711,0.077996195,0.084919473,0.092243187,0.089861751,0.112162162,0.021186441,0.089655172,0.095869057,0.088157895,0.08,0.080624187,0.091514143,0.092727273,0.099533437,0.08083442,0.096625767,0.106084243,0.112531969,0.069575472,0.090349076,0.068627451,0.091511936,0.088447653,0.070034443,0.08974359,0.176258993,0.068686869,0.117117117,0.100775194,0.1,0.092348285,0.096247961,0.073349633,0.105691057,0.098557692,0.087142857,0.095022624,0.136942675,0.098739496,0.11627907,0.202777778,0.02293578,0.034843206,0.070411392,0.097505669,0.082400814,0.09529148,0.029045643,0.098020735,0.086363636,0.103448276,0.075025694,0.106918239,0.093851133,0.051470588,0.06012024,0.114674441,0.07892057,0.07891492,0.082514735,0.082617317,0.136231884,0.068085106,0.093373494,0.088820827,0.01986755,0.050925926,0.075427683,0.01183432,0.047151277,0.098092643
Z6,0.383651945,0.169089518,0.092158448,0.212827988,0.337696335,0.456561922,0.251612903,0.366141732,0.313576844,0.253934192,0.374765771,0.394218942,0.414504325,0.450935905,0.088502895,1,0.290433586,0.975757576,0.296321526,0.545351474,0.333111259,0.071544715,0.351444292,0.360406091,0.859969559,0.925541126,0.925541126,0.356191744,0.571510957,0.574299635,0.581456954,0.6,0.574956921,0.579973992,0.571085783,0.582890855,0.553337492,0.332675871,0.323815704,0.208088235,0.377600979,0.323815704,0.231593996,0.486466715,0.1797308,0.534528552,0.258848022,0.278008299,0.311397558,0.340486409,0.341115435,0.307092199,0.241815476,0.352148813,0.238023952,0.290510949,0.044991511,0.234299517,0.081103679,0.41650548,0.327201051,0.328063241,0.41809291,0.334537572,0.46301689,0.232972136,0.138983051,0.194581281,0.275960171,0.258805513,0.151793161,0.484297521,0.263656227,0.225728155,0.337931034,0.328216374,0.051959114,0.301239971,0.439712058,0.325327511,0.482222222,0.478841871,0.401823708,0.212927757,0.293536122,0.479085332,0.261254613,0.256826568,0.1432,0.280997305,0.216108453,0.28143214,0.489001692,0.383647799,0.287433155,0.399103139,0.091735537,0.169738863,0.186305732,0.32234957,0.135620915,0.401880878,0.253574116,0.15471394,0.172240803,0.200165426,0.294247788,0.217462932,0.308812261,0.215544872,0.162719633,0.168714169,0.047332186,0.080334728,0.414707655,0.302788845,0.358415842,0.322818792,0.048101266,0.468707483,0.15,0.319816874,0.331592689,0.088116411,0.07854251,0.063122924,0.165263963,0.415069399,0.558058058,0.509350935,0.468108708,0.465478842,0.1088,0.1696638,0.280714818,0.42874039,0.059397884,0.13213448,0.419104478,0.007785467,0.158573596,0.12934519
Z8,0.237174721,0.174006445,0.118437118,0.202544031,0.264937107,0.282579787,0.185352622,0.250569476,0.215702479,0.186318632,0.284363636,0.289232935,0.252592593,0.308877928,0.079656863,0.290433586,1,0.289804469,0.664399093,0.328115942,0.234042553,0.075517661,0.230893001,0.247445255,0.304545455,0.279685265,0.279685265,0.230414747,0.310818546,0.311775473,0.299401198,0.310496543,0.323580034,0.292935839,0.317249698,0.323131254,0.298168035,0.237947123,0.223323171,0.167149758,0.26286509,0.223323171,0.175182482,0.248631744,0.131974249,0.291121817,0.196010408,0.534201954,0.244186047,0.221561969,0.491324201,0.21484038,0.184261036,0.290895062,0.177777778,0.191242181,0.047368421,0.14973822,0.068493151,0.2703677,0.255942948,0.248815166,0.283185841,0.218291631,0.301378446,0.17325228,0.087320574,0.118421053,0.209074733,0.165863067,0.110328638,0.323374341,0.199261993,0.134453782,0.231587561,0.224092117,0.044386423,0.210951526,0.297029703,0.212598425,0.313529412,0.313424009,0.295706371,0.164658635,0.185393258,0.313388626,0.190654206,0.181733458,0.123163842,0.212572374,0.122554068,0.142857143,0.303962153,0.272530642,0.219133279,0.254662841,0.091133005,0.128630705,0.130760986,0.217428818,0.100230415,0.278211498,0.166824645,0.101545254,0.101366743,0.121412804,0.189189189,0.126349892,0.181987001,0.13061651,0.153927813,0.115860517,0.031662269,0.060718711,0.273817455,0.250614251,0.238931298,0.231756215,0.041290323,0.260233918,0.147123894,0.261354582,0.320987654,0.13875,0.091240876,0.054931336,0.128630705,0.361532322,0.339669835,0.315669516,0.31042654,0.310859189,0.125443787,0.128723404,0.189814815,0.310185185,0.06119951,0.121816168,0.442793462,0.006896552,0.144654088,0.125146199
Z9,0.375166003,0.16913484,0.090684254,0.211851852,0.328938695,0.449131514,0.247639797,0.359364659,0.306889353,0.25,0.366666667,0.386377709,0.410894418,0.436683702,0.087837838,0.975757576,0.289804469,1,0.294889503,0.530346001,0.326832549,0.073211314,0.346073662,0.353806782,0.874321179,0.948535936,0.948535936,0.350134409,0.559861191,0.567749847,0.58070998,0.595390525,0.56426513,0.577150361,0.562726176,0.571005917,0.54940214,0.328239203,0.321944809,0.20432513,0.37053021,0.321944809,0.230043541,0.469208211,0.163086714,0.518962076,0.255977496,0.278089888,0.308379121,0.338651197,0.340341656,0.305755396,0.238490566,0.348023331,0.228096677,0.278471712,0.046086957,0.214689266,0.083047945,0.398452611,0.324468085,0.323568575,0.411330049,0.334556126,0.450087566,0.233254531,0.12,0.176422094,0.274170274,0.258566978,0.150510204,0.469680265,0.261640798,0.206980519,0.330549756,0.3281366,0.053228621,0.301704967,0.428055388,0.32422452,0.467481934,0.464066852,0.394978567,0.214728682,0.291891892,0.464285714,0.255414488,0.254681648,0.141809291,0.275885559,0.198558847,0.285957447,0.475706215,0.379047619,0.282432432,0.385604113,0.092060811,0.169796557,0.185725872,0.314533623,0.123762376,0.394819962,0.241849886,0.144136808,0.15851602,0.179933665,0.278312361,0.197357556,0.290322581,0.201775626,0.160839161,0.170711297,0.048500882,0.080410607,0.407160194,0.298858294,0.345261763,0.318181818,0.049265341,0.463598901,0.148766905,0.307490145,0.324555629,0.08835673,0.079470199,0.06462585,0.165237724,0.413377926,0.544044044,0.498069498,0.455,0.452314557,0.105863192,0.157728707,0.281818182,0.420582986,0.060782681,0.134185304,0.411658654,0.007978723,0.157528958,0.129537954
Z14,0.257992565,0.186243386,0.110588235,0.206333973,0.288976378,0.291749175,0.195535714,0.258452292,0.230706076,0.198575245,0.288793103,0.298882682,0.256578947,0.321253071,0.077014218,0.296321526,0.664399093,0.294889503,1,0.331228473,0.247261346,0.097590361,0.238473768,0.262354651,0.3125,0.285007072,0.285007072,0.25,0.317794201,0.318401937,0.296465969,0.31242236,0.334285714,0.294305822,0.322966507,0.331772967,0.304320601,0.247113164,0.251340996,0.185043145,0.29585383,0.251340996,0.198542805,0.250962279,0.122279793,0.299658703,0.223478261,0.394966118,0.236628849,0.235888795,0.391122278,0.220050977,0.198480532,0.298473282,0.180871212,0.191768827,0.048346056,0.146639511,0.072639225,0.270404542,0.25623053,0.241512346,0.287348587,0.233933162,0.301793445,0.176587302,0.078250863,0.112526539,0.212412587,0.165881244,0.101809955,0.328106852,0.192100539,0.139917695,0.230337079,0.210300429,0.053435115,0.212147887,0.301763553,0.203404255,0.317599068,0.315974254,0.294478528,0.166994106,0.18389753,0.315943728,0.18579235,0.188990826,0.131782946,0.233691164,0.145491803,0.139979859,0.319739953,0.277065527,0.236970684,0.26297086,0.086801427,0.134146341,0.128125,0.218458933,0.108229989,0.279020979,0.184383819,0.126234907,0.100663717,0.113006397,0.187665198,0.121465969,0.187043796,0.141975309,0.145940391,0.113537118,0.041131105,0.076735688,0.289893617,0.277732128,0.243222892,0.249201278,0.05296343,0.268645909,0.140256959,0.259577795,0.337428337,0.104705882,0.081871345,0.058181818,0.13877551,0.362136685,0.358433735,0.32407932,0.318422602,0.319691578,0.129181084,0.130841121,0.203483043,0.313930674,0.052941176,0.126623377,0.46250928,0.00530504,0.154639175,0.12244898
Z19,0.426545661,0.17961165,0.098880597,0.241791045,0.387478849,0.537610619,0.281564908,0.425799087,0.348432056,0.288770053,0.436333699,0.45736013,0.455065827,0.566087414,0.0825,0.545351474,0.328115942,0.530346001,0.331228473,1,0.388282596,0.081721772,0.392397661,0.442253521,0.571428571,0.509433962,0.509433962,0.401714286,0.668969182,0.646187603,0.574396407,0.660633484,0.687867451,0.617045455,0.660284464,0.667922497,0.613548029,0.404022989,0.381327334,0.237379808,0.464579901,0.381327334,0.259717314,0.436619718,0.182382134,0.527731092,0.301809691,0.319347319,0.331632653,0.367164179,0.403389831,0.311085316,0.241071429,0.43246311,0.23655914,0.28319624,0.043726236,0.198646986,0.078233438,0.44205298,0.37007874,0.372460497,0.505778756,0.35508982,0.559936068,0.212432106,0.106222502,0.161390441,0.284883721,0.239470517,0.12032419,0.621480709,0.264550265,0.18538981,0.381008206,0.30890973,0.044936709,0.328502415,0.517241379,0.311254396,0.618897638,0.613445378,0.487431694,0.215840387,0.264635603,0.612191277,0.266388558,0.277275467,0.138888889,0.343188406,0.198888203,0.212779156,0.610115911,0.471316085,0.352975159,0.450083659,0.087664371,0.163865546,0.167176975,0.328244275,0.125935162,0.484051483,0.245960503,0.148447205,0.13130056,0.156753408,0.294573643,0.170580964,0.274145171,0.182262997,0.17383404,0.141176471,0.037484117,0.071563089,0.52905368,0.365881677,0.395375071,0.348587571,0.043423537,0.473112128,0.153329261,0.385315879,0.390713477,0.093730602,0.084367246,0.061326658,0.172309553,0.436516854,0.740996547,0.649269311,0.616358839,0.611845584,0.115789474,0.166564979,0.294545455,0.526684636,0.067080745,0.134510043,0.512181917,0.005725191,0.170481928,0.126086957
Z20,0.618444846,0.153263955,0.089958159,0.193832599,0.312405446,0.383838384,0.4906639,0.492424242,0.493919551,0.485596708,0.302133517,0.313212609,0.395545315,0.347513481,0.075854701,0.333111259,0.234042553,0.326832549,0.247261346,0.388282596,1,0.082618026,0.466784765,0.493083808,0.344458438,0.320689655,0.320689655,0.628652215,0.365743358,0.352346999,0.335260116,0.352293578,0.372250423,0.349236641,0.369294606,0.372254335,0.329878049,0.482312338,0.33461835,0.334,0.474563402,0.33461835,0.322731525,0.272525849,0.144379845,0.324074074,0.380733945,0.251219512,0.243491577,0.335324232,0.29624171,0.232128514,0.183637946,0.299855491,0.192375887,0.215833333,0.051311288,0.159090909,0.127147766,0.292265572,0.274013403,0.270089286,0.334439283,0.333911535,0.375156055,0.196644921,0.08490566,0.127952756,0.224237428,0.20596206,0.109730849,0.383410673,0.213617021,0.176585366,0.264341085,0.2180937,0.094562648,0.259607173,0.332695985,0.264214047,0.388463802,0.387115839,0.33847185,0.171220401,0.202072539,0.386390533,0.20585702,0.232537577,0.118881119,0.485074627,0.186341463,0.1747851,0.389153754,0.345907473,0.504186047,0.286890872,0.076595745,0.145283019,0.133397313,0.237520129,0.110996917,0.345670391,0.192442882,0.129648241,0.10964467,0.129574679,0.211055276,0.138266796,0.204995693,0.177387914,0.155238095,0.103652517,0.069493522,0.130034522,0.485422741,0.266666667,0.272,0.238450075,0.092505855,0.300070274,0.130223518,0.265925926,0.305429864,0.093881857,0.079113924,0.068206821,0.158396947,0.316091954,0.41902834,0.414053426,0.422141119,0.41992665,0.087878788,0.13915547,0.292124542,0.336928934,0.066595059,0.134462151,0.338511327,0.010625738,0.24412666,0.104568528
Z21,0.077896787,0.067729084,0.052785924,0.083870968,0.084536082,0.080314961,0.092753623,0.084577114,0.079102715,0.093390805,0.070859167,0.074136479,0.072847682,0.08,0.04516129,0.071544715,0.075517661,0.073211314,0.097590361,0.081721772,0.082618026,1,0.07991121,0.081690141,0.079553903,0.072236728,0.072236728,0.080661841,0.073729864,0.072727273,0.068094874,0.075299085,0.078250154,0.073134328,0.073218997,0.077070064,0.074605452,0.087184874,0.083764219,0.081395349,0.078834619,0.083764219,0.075,0.060142712,0.059574468,0.072357724,0.083003953,0.063354037,0.07912844,0.074299635,0.077077077,0.073139975,0.078025478,0.066921606,0.060897436,0.071823204,0.048245614,0.062868369,0.071174377,0.071111111,0.071949948,0.083597884,0.076175041,0.075471698,0.078779276,0.086799277,0.01734104,0.042792793,0.070761015,0.081260365,0.068681319,0.07585335,0.081513828,0.060851927,0.07239819,0.059050064,0.070484581,0.081967213,0.077276205,0.068298969,0.078507079,0.076326003,0.072653061,0.082585278,0.066165414,0.076523995,0.060650888,0.074018127,0.073710074,0.077014218,0.076767677,0.068359375,0.082785808,0.082437276,0.07727797,0.069058296,0.075163399,0.068410463,0.061833689,0.053020962,0.064171123,0.08173913,0.080128205,0.080882353,0.062176166,0.055172414,0.056786704,0.06345733,0.078313253,0.067073171,0.057884232,0.050724638,0.056338028,0.075539568,0.074544013,0.077777778,0.078947368,0.07938258,0.077586207,0.066727605,0.057268722,0.085714286,0.087136929,0.041176471,0.052631579,0.032258065,0.074898785,0.071828358,0.079389313,0.073529412,0.079582518,0.080368906,0.056300268,0.063291139,0.073746313,0.081245254,0.111111111,0.284507042,0.085423197,0.011695906,0.074297189,0.100543478
Z22,0.535901926,0.148543689,0.093478261,0.182959641,0.31501548,0.46198407,0.72962963,0.681510165,0.698585419,0.696385542,0.289784573,0.303934871,0.536669543,0.329927885,0.070562293,0.351444292,0.230893001,0.346073662,0.238473768,0.392397661,0.466784765,0.07991121,1,0.593445527,0.360337006,0.341184868,0.341184868,0.497345133,0.361556064,0.342925659,0.331812256,0.340937115,0.365811966,0.326335878,0.352766211,0.357723577,0.331471136,0.634596696,0.261160714,0.223374175,0.346996466,0.261160714,0.218390805,0.308766486,0.135912698,0.370034843,0.253412969,0.217004049,0.239656518,0.39,0.261346999,0.24625624,0.225925926,0.296323529,0.19543379,0.21312873,0.057279236,0.175074184,0.112676056,0.2816609,0.255622189,0.257336343,0.331759946,0.384331797,0.342627014,0.235643564,0.085869565,0.136131013,0.233191489,0.245445829,0.11637931,0.374488005,0.220368745,0.168831169,0.274980016,0.216528926,0.053254438,0.276841171,0.315620999,0.272413793,0.367274868,0.365839243,0.288436268,0.175917215,0.242896425,0.363475177,0.224416517,0.223423423,0.133891213,0.39301701,0.204081633,0.254201681,0.363636364,0.300841515,0.415398389,0.283321703,0.072527473,0.150390625,0.142714571,0.256066946,0.117647059,0.307745505,0.215271389,0.164882227,0.107966457,0.132036847,0.213425129,0.146761134,0.222421525,0.169660679,0.144941634,0.117768595,0.063414634,0.089861751,0.53058104,0.261310452,0.267011834,0.246932515,0.107407407,0.341715976,0.134944612,0.259789157,0.301843318,0.090413943,0.085808581,0.0625,0.151515152,0.309037901,0.393756294,0.393957002,0.39684466,0.39792176,0.082120582,0.145273632,0.322115385,0.31910828,0.065701559,0.127811861,0.326370757,0.009852217,0.162241888,0.116772824
